   0.0000000E+00   0.5060318E+01   0.1022360E+02   0.1554029E+02   0.2105959E+02   0.2682909E+02
   0.3289435E+02   0.3929855E+02   0.4608215E+02   0.5328253E+02   0.6093375E+02   0.6906622E+02
   0.7770647E+02   0.8687697E+02   0.9659587E+02   0.1068770E+03   0.1177295E+03   0.1291580E+03
   0.1411627E+03   0.1537387E+03   0.1668770E+03   0.1805636E+03   0.1947805E+03   0.2095052E+03
   0.2247111E+03   0.2403679E+03   0.2564414E+03   0.2728944E+03   0.2896862E+03   0.3067739E+03
   0.3241117E+03   0.3416522E+03   0.3593460E+03   0.3771429E+03   0.3949914E+03   0.4128399E+03
   0.4306367E+03   0.4483306E+03   0.4658710E+03   0.4832089E+03   0.5002965E+03   0.5170884E+03
   0.5335413E+03   0.5496149E+03   0.5652716E+03   0.5804776E+03   0.5952022E+03   0.6094191E+03
   0.6231058E+03   0.6362440E+03   0.6488201E+03   0.6608247E+03   0.6722533E+03   0.6831058E+03
   0.6933869E+03   0.7031058E+03   0.7122763E+03   0.7209165E+03   0.7290490E+03   0.7367002E+03
   0.7439006E+03   0.7506842E+03   0.7570884E+03   0.7631536E+03   0.7689231E+03   0.7744425E+03
   0.7797591E+03   0.7849224E+03   0.7899827E+03   0.7949914E+03   0.7999914E+03   0.8049914E+03
   0.8099914E+03   0.8149914E+03   0.8199914E+03   0.8249914E+03   0.8299914E+03   0.8349914E+03
   0.8399914E+03   0.8449914E+03   0.8499914E+03   0.8549914E+03   0.8599914E+03   0.8649914E+03
   0.8699914E+03   0.8749914E+03   0.8799914E+03   0.8849914E+03   0.8899914E+03   0.8949914E+03
   0.8999914E+03   0.9049914E+03   0.9099914E+03   0.9149914E+03   0.9199914E+03   0.9250028E+03
   0.9300826E+03   0.9352994E+03   0.9407215E+03   0.9464175E+03   0.9524557E+03   0.9589046E+03
   0.9658327E+03   0.9733084E+03   0.9814002E+03   0.9901766E+03   0.9997059E+03   0.1010057E+04
   0.1021297E+04   0.1033496E+04   0.1046722E+04   0.1061043E+04   0.1076528E+04   0.1093245E+04
   0.1111262E+04   0.1130649E+04   0.1151473E+04   0.1173803E+04   0.1197707E+04   0.1223255E+04
   0.1250513E+04   0.1279552E+04   0.1310439E+04   0.1343242E+04   0.1378030E+04   0.1414873E+04
   0.1453837E+04   0.1494991E+04
